Hill.jpg

1.0102   ,   0.0333   ,   142.8521;

-0.0513  ,   1.0090   ,  -18.2562

Field.jpg

0.9996   ,   0.0112   ,    256.6738;

-0.0004  ,   1.0112   ,      8.6738;

Ledge.jpg

1.0049   ,   -0.0562   ,     143.6702;

0.0679   ,   0.9771    ,     -135.0352;

Pier.jpg

1.0078   ,   0.0108    ,    286.5016;

-0.0078  ,   0.9892    ,    29.4984

River.jpg

0.9329   ,   -0.3276    ,    321.2789;

0.3539   ,   0.9487   ,  -63.7605;

Roof.jpg

0.9693   ,   0.1818   ,  -183.3869;

-0.0951  ,   1.0119   ,  -15.1813;

Building.jpg

1.0775   ,   -0.0308    ,    110.6616;

0.1279   ,   1.0307     ,   -12.3888;

Uttower.jpg

0.9806   ,   -0.0689    ,   -190.8962;

0.0202   ,   0.9570    ,    -11.9891;