----------------------------------------------------------------------
# 	 image 		        baseline 	  nn 	  linear 	   adagrad
----------------------------------------------------------------------
1 	 balloon.jpeg 	    0.179239   0.019635  0.012872     0.012027 
2 	 cat.jpg 	        0.099966   0.024347  0.013404 	  0.013457 
3 	 ip.jpg 	        0.231587   0.024608  0.014681 	  0.012941 
4 	 puppy.jpg 	        0.094093   0.014528  0.006122 	  0.006000 
5 	 squirrel.jpg 	    0.121964   0.039088  0.023106 	  0.023604 
6 	 pencils.jpg 	    0.183101   0.020717  0.011662 	  0.011283 
7 	 house.png 	        0.117667   0.032077  0.017229 	  0.015750 
8 	 light.png 	        0.097868   0.026109  0.017296 	  0.016649 
9 	 sails.png 	        0.074946   0.021273  0.013634 	  0.012947 
10 	 tree.jpeg 	        0.167812   0.026528  0.015211 	  0.014296 
-----------------------------------------------------------------------
 	 average 	        0.136824   0.024891  0.014522 	  0.013895 
-----------------------------------------------------------------------